  0.0000    4    2.000   1.0000            n2
  2.0000    0    2.000   1.0000          NULL 
  4.0000    6    2.000   1.0000            n3
  6.0000    0    4.000   1.0000          NULL 
 10.0000    1    4.000   1.0000            m1
 14.0000    0    2.000   1.0000          NULL 
 16.0000    2    4.000   1.0000            n1
 20.0000    0    8.000   1.0000          NULL 
 28.0000    5    2.000   1.0000            m3
 30.0000    6    2.000   1.0000            n3
 32.0000    1    4.000   1.0000            m1
 36.0000    5    2.000   1.0000            m3
 38.0000    1    4.000   1.0000            m1
 42.0000    1    4.000   1.0000            m1
 46.0000    0    4.000   1.0000          NULL 
 50.0000    6    2.000   1.0000            n3
 52.0000    0    4.000   1.0000          NULL 
 56.0000    2    4.000   1.0000            n1
 60.0000    0    6.000   1.0000          NULL 
 66.0000    1    4.000   1.0000            m1
 70.0000    0   16.000   1.0000          NULL 
 86.0000    6    2.000   1.0000            n3
 88.0000    0    2.000   1.0000          NULL 
 90.0000    5    2.000   1.0000            m3
 92.0000    0    2.000   1.0000          NULL 
 94.0000    1    4.000   1.0000            m1
 98.0000    0    6.000   1.0000          NULL 
104.0000    1    4.000   1.0000            m1
108.0000    0    8.000   1.0000          NULL 
116.0000    3    2.000   1.0000            m2
118.0000    0    2.000   1.0000          NULL 
120.0000    5    2.000   1.0000            m3
122.0000    0   20.000   1.0000          NULL 
142.0000    1    4.000   1.0000            m1
146.0000    0    8.000   1.0000          NULL 
154.0000    5    2.000   1.0000            m3
156.0000    0    6.000   1.0000          NULL 
162.0000    2    4.000   1.0000            n1
166.0000    0    8.000   1.0000          NULL 
174.0000    1    4.000   1.0000            m1
178.0000    0    6.000   1.0000          NULL 
184.0000    3    2.000   1.0000            m2
186.0000    0    4.000   1.0000          NULL 
190.0000    2    4.000   1.0000            n1
194.0000    0   20.000   1.0000          NULL 
214.0000    3    2.000   1.0000            m2
216.0000    0    2.000   1.0000          NULL 
218.0000    2    4.000   1.0000            n1
222.0000    1    4.000   1.0000            m1
226.0000    0    6.000   1.0000          NULL 
232.0000    2    4.000   1.0000            n1
236.0000    2    4.000   1.0000            n1
240.0000    4    2.000   1.0000            n2
242.0000    0    4.000   1.0000          NULL 
246.0000    3    2.000   1.0000            m2
248.0000    4    2.000   1.0000            n2
250.0000    0    6.000   1.0000          NULL 
256.0000    2    4.000   1.0000            n1
260.0000    1    4.000   1.0000            m1
264.0000    0    4.000   1.0000          NULL 
268.0000    2    4.000   1.0000            n1
272.0000    0    2.000   1.0000          NULL 
274.0000    2    4.000   1.0000            n1
278.0000    0   12.000   1.0000          NULL 
290.0000    5    2.000   1.0000            m3
292.0000    0    4.000   1.0000          NULL 
296.0000    6    2.000   1.0000            n3
298.0000    2    4.000   1.0000            n1
302.0000    0    2.000   1.0000          NULL 
304.0000    6    2.000   1.0000            n3
306.0000    2    4.000   1.0000            n1
310.0000    0    2.000   1.0000          NULL 
312.0000    3    2.000   1.0000            m2
314.0000    0    8.000   1.0000          NULL 
322.0000    2    4.000   1.0000            n1
326.0000    0    4.000   1.0000          NULL 
330.0000    5    2.000   1.0000            m3
332.0000    0   10.000   1.0000          NULL 
342.0000    3    2.000   1.0000            m2
344.0000    0   10.000   1.0000          NULL 
354.0000    6    2.000   1.0000            n3
356.0000    6    2.000   1.0000            n3
358.0000    0    4.000   1.0000          NULL 
362.0000    6    2.000   1.0000            n3
364.0000    0    4.000   1.0000          NULL 
368.0000    4    2.000   1.0000            n2
370.0000    0    6.000   1.0000          NULL 
376.0000    1    4.000   1.0000            m1
380.0000    0    2.000   1.0000          NULL 
382.0000    1    4.000   1.0000            m1
386.0000    1    4.000   1.0000            m1
390.0000    0   10.000   1.0000          NULL 
400.0000    3    2.000   1.0000            m2
402.0000    0    6.000   1.0000          NULL 
408.0000    4    2.000   1.0000            n2
410.0000    0    2.000   1.0000          NULL 
412.0000    3    2.000   1.0000            m2
414.0000    2    4.000   1.0000            n1
418.0000    0   14.000   1.0000          NULL 
432.0000    1    4.000   1.0000            m1
436.0000    4    2.000   1.0000            n2
438.0000    0   14.000   1.0000          NULL 
452.0000    4    2.000   1.0000            n2
454.0000    0    2.000   1.0000          NULL 
456.0000    6    2.000   1.0000            n3
458.0000    1    4.000   1.0000            m1
462.0000    0    6.000   1.0000          NULL 
468.0000    1    4.000   1.0000            m1
472.0000    2    4.000   1.0000            n1
476.0000    0    6.000   1.0000          NULL 
482.0000    4    2.000   1.0000            n2
484.0000    0    4.000   1.0000          NULL 
488.0000    1    4.000   1.0000            m1
492.0000    0   12.000   1.0000          NULL 
504.0000    4    2.000   1.0000            n2
506.0000    0    2.000   1.0000          NULL 
508.0000    4    2.000   1.0000            n2
510.0000    0    8.000   1.0000          NULL 
518.0000    1    4.000   1.0000            m1
522.0000    0    2.000   1.0000          NULL 
524.0000    5    2.000   1.0000            m3
526.0000    0    2.000   1.0000          NULL 
528.0000    2    4.000   1.0000            n1
532.0000    0    4.000   1.0000          NULL 
536.0000    2    4.000   1.0000            n1
540.0000    0    2.000   1.0000          NULL 
542.0000    2    4.000   1.0000            n1
546.0000    0    2.000   1.0000          NULL 
548.0000    5    2.000   1.0000            m3
550.0000    0    2.000   1.0000          NULL 
552.0000    3    2.000   1.0000            m2
554.0000    0    6.000   1.0000          NULL 
560.0000    2    4.000   1.0000            n1
564.0000    1    4.000   1.0000            m1
568.0000    0    8.000   1.0000          NULL 
576.0000    2    4.000   1.0000            n1
580.0000    5    2.000   1.0000            m3
582.0000    0    6.000   1.0000          NULL 
588.0000    3    2.000   1.0000            m2
590.0000    0   10.000   1.0000          NULL 
