  0.0000    5    2.000   1.0000            m3
  2.0000    0    2.000   1.0000          NULL 
  4.0000    4    2.000   1.0000            n2
  6.0000    0    2.000   1.0000          NULL 
  8.0000    1    4.000   1.0000            m1
 12.0000    0   10.000   1.0000          NULL 
 22.0000    1    4.000   1.0000            m1
 26.0000    0   12.000   1.0000          NULL 
 38.0000    4    2.000   1.0000            n2
 40.0000    0    6.000   1.0000          NULL 
 46.0000    4    2.000   1.0000            n2
 48.0000    6    2.000   1.0000            n3
 50.0000    0    2.000   1.0000          NULL 
 52.0000    1    4.000   1.0000            m1
 56.0000    1    4.000   1.0000            m1
 60.0000    0    4.000   1.0000          NULL 
 64.0000    1    4.000   1.0000            m1
 68.0000    0    2.000   1.0000          NULL 
 70.0000    5    2.000   1.0000            m3
 72.0000    0    2.000   1.0000          NULL 
 74.0000    6    2.000   1.0000            n3
 76.0000    0    6.000   1.0000          NULL 
 82.0000    2    4.000   1.0000            n1
 86.0000    0    4.000   1.0000          NULL 
 90.0000    2    4.000   1.0000            n1
 94.0000    1    4.000   1.0000            m1
 98.0000    3    2.000   1.0000            m2
100.0000    0   14.000   1.0000          NULL 
114.0000    3    2.000   1.0000            m2
116.0000    0   16.000   1.0000          NULL 
132.0000    2    4.000   1.0000            n1
136.0000    0    2.000   1.0000          NULL 
138.0000    1    4.000   1.0000            m1
142.0000    0    8.000   1.0000          NULL 
150.0000    1    4.000   1.0000            m1
154.0000    1    4.000   1.0000            m1
158.0000    0   14.000   1.0000          NULL 
172.0000    3    2.000   1.0000            m2
174.0000    3    2.000   1.0000            m2
176.0000    0    2.000   1.0000          NULL 
178.0000    2    4.000   1.0000            n1
182.0000    0    6.000   1.0000          NULL 
188.0000    5    2.000   1.0000            m3
190.0000    5    2.000   1.0000            m3
192.0000    0    6.000   1.0000          NULL 
198.0000    6    2.000   1.0000            n3
200.0000    0    2.000   1.0000          NULL 
202.0000    2    4.000   1.0000            n1
206.0000    2    4.000   1.0000            n1
210.0000    0   16.000   1.0000          NULL 
226.0000    2    4.000   1.0000            n1
230.0000    0    2.000   1.0000          NULL 
232.0000    3    2.000   1.0000            m2
234.0000    3    2.000   1.0000            m2
236.0000    0    4.000   1.0000          NULL 
240.0000    2    4.000   1.0000            n1
244.0000    0    8.000   1.0000          NULL 
252.0000    2    4.000   1.0000            n1
256.0000    0    2.000   1.0000          NULL 
258.0000    6    2.000   1.0000            n3
260.0000    0    2.000   1.0000          NULL 
262.0000    6    2.000   1.0000            n3
264.0000    0    2.000   1.0000          NULL 
266.0000    5    2.000   1.0000            m3
268.0000    0   18.000   1.0000          NULL 
286.0000    2    4.000   1.0000            n1
290.0000    1    4.000   1.0000            m1
294.0000    0    2.000   1.0000          NULL 
296.0000    2    4.000   1.0000            n1
300.0000    4    2.000   1.0000            n2
302.0000    4    2.000   1.0000            n2
304.0000    0    6.000   1.0000          NULL 
310.0000    2    4.000   1.0000            n1
314.0000    2    4.000   1.0000            n1
318.0000    3    2.000   1.0000            m2
320.0000    0   20.000   1.0000          NULL 
340.0000    6    2.000   1.0000            n3
342.0000    0    6.000   1.0000          NULL 
348.0000    4    2.000   1.0000            n2
350.0000    0    6.000   1.0000          NULL 
356.0000    2    4.000   1.0000            n1
360.0000    0    4.000   1.0000          NULL 
364.0000    4    2.000   1.0000            n2
366.0000    2    4.000   1.0000            n1
370.0000    2    4.000   1.0000            n1
374.0000    0    8.000   1.0000          NULL 
382.0000    3    2.000   1.0000            m2
384.0000    1    4.000   1.0000            m1
388.0000    0    4.000   1.0000          NULL 
392.0000    5    2.000   1.0000            m3
394.0000    0    8.000   1.0000          NULL 
402.0000    1    4.000   1.0000            m1
406.0000    5    2.000   1.0000            m3
408.0000    0    2.000   1.0000          NULL 
410.0000    1    4.000   1.0000            m1
414.0000    0    2.000   1.0000          NULL 
416.0000    4    2.000   1.0000            n2
418.0000    1    4.000   1.0000            m1
422.0000    0    8.000   1.0000          NULL 
430.0000    6    2.000   1.0000            n3
432.0000    0    4.000   1.0000          NULL 
436.0000    3    2.000   1.0000            m2
438.0000    0    6.000   1.0000          NULL 
444.0000    1    4.000   1.0000            m1
448.0000    5    2.000   1.0000            m3
450.0000    0   12.000   1.0000          NULL 
462.0000    5    2.000   1.0000            m3
464.0000    0    6.000   1.0000          NULL 
470.0000    3    2.000   1.0000            m2
472.0000    0    4.000   1.0000          NULL 
476.0000    6    2.000   1.0000            n3
478.0000    0    2.000   1.0000          NULL 
480.0000    2    4.000   1.0000            n1
484.0000    0    4.000   1.0000          NULL 
488.0000    1    4.000   1.0000            m1
492.0000    0   16.000   1.0000          NULL 
508.0000    1    4.000   1.0000            m1
512.0000    0    6.000   1.0000          NULL 
518.0000    6    2.000   1.0000            n3
520.0000    0    8.000   1.0000          NULL 
528.0000    1    4.000   1.0000            m1
532.0000    0    2.000   1.0000          NULL 
534.0000    6    2.000   1.0000            n3
536.0000    1    4.000   1.0000            m1
540.0000    2    4.000   1.0000            n1
544.0000    4    2.000   1.0000            n2
546.0000    0    4.000   1.0000          NULL 
550.0000    4    2.000   1.0000            n2
552.0000    0    4.000   1.0000          NULL 
556.0000    2    4.000   1.0000            n1
560.0000    0    8.000   1.0000          NULL 
568.0000    2    4.000   1.0000            n1
572.0000    1    4.000   1.0000            m1
576.0000    0    6.000   1.0000          NULL 
582.0000    5    2.000   1.0000            m3
584.0000    0   16.000   1.0000          NULL 
