  0.0000    2    4.000   1.0000            n1
  4.0000    0    4.000   1.0000          NULL 
  8.0000    3    2.000   1.0000            m2
 10.0000    1    4.000   1.0000            m1
 14.0000    0    2.000   1.0000          NULL 
 16.0000    1    4.000   1.0000            m1
 20.0000    0    8.000   1.0000          NULL 
 28.0000    2    4.000   1.0000            n1
 32.0000    0    8.000   1.0000          NULL 
 40.0000    3    2.000   1.0000            m2
 42.0000    1    4.000   1.0000            m1
 46.0000    0    6.000   1.0000          NULL 
 52.0000    1    4.000   1.0000            m1
 56.0000    0    4.000   1.0000          NULL 
 60.0000    5    2.000   1.0000            m3
 62.0000    0   12.000   1.0000          NULL 
 74.0000    4    2.000   1.0000            n2
 76.0000    0    6.000   1.0000          NULL 
 82.0000    4    2.000   1.0000            n2
 84.0000    0    4.000   1.0000          NULL 
 88.0000    1    4.000   1.0000            m1
 92.0000    0    2.000   1.0000          NULL 
 94.0000    2    4.000   1.0000            n1
 98.0000    4    2.000   1.0000            n2
100.0000    0    4.000   1.0000          NULL 
104.0000    3    2.000   1.0000            m2
106.0000    0    4.000   1.0000          NULL 
110.0000    6    2.000   1.0000            n3
112.0000    0    4.000   1.0000          NULL 
116.0000    5    2.000   1.0000            m3
118.0000    0    8.000   1.0000          NULL 
126.0000    4    2.000   1.0000            n2
128.0000    0    6.000   1.0000          NULL 
134.0000    2    4.000   1.0000            n1
138.0000    5    2.000   1.0000            m3
140.0000    0    2.000   1.0000          NULL 
142.0000    2    4.000   1.0000            n1
146.0000    0    4.000   1.0000          NULL 
150.0000    3    2.000   1.0000            m2
152.0000    6    2.000   1.0000            n3
154.0000    5    2.000   1.0000            m3
156.0000    0    4.000   1.0000          NULL 
160.0000    1    4.000   1.0000            m1
164.0000    0    2.000   1.0000          NULL 
166.0000    4    2.000   1.0000            n2
168.0000    1    4.000   1.0000            m1
172.0000    6    2.000   1.0000            n3
174.0000    0    2.000   1.0000          NULL 
176.0000    5    2.000   1.0000            m3
178.0000    0    6.000   1.0000          NULL 
184.0000    5    2.000   1.0000            m3
186.0000    1    4.000   1.0000            m1
190.0000    0    2.000   1.0000          NULL 
192.0000    4    2.000   1.0000            n2
194.0000    0    2.000   1.0000          NULL 
196.0000    1    4.000   1.0000            m1
200.0000    0   12.000   1.0000          NULL 
212.0000    4    2.000   1.0000            n2
214.0000    0    4.000   1.0000          NULL 
218.0000    5    2.000   1.0000            m3
220.0000    0    2.000   1.0000          NULL 
222.0000    2    4.000   1.0000            n1
226.0000    0   10.000   1.0000          NULL 
236.0000    3    2.000   1.0000            m2
238.0000    0   14.000   1.0000          NULL 
252.0000    1    4.000   1.0000            m1
256.0000    0   12.000   1.0000          NULL 
268.0000    1    4.000   1.0000            m1
272.0000    0    4.000   1.0000          NULL 
276.0000    2    4.000   1.0000            n1
280.0000    1    4.000   1.0000            m1
284.0000    0   10.000   1.0000          NULL 
294.0000    2    4.000   1.0000            n1
298.0000    0    2.000   1.0000          NULL 
300.0000    3    2.000   1.0000            m2
302.0000    6    2.000   1.0000            n3
304.0000    0   18.000   1.0000          NULL 
322.0000    1    4.000   1.0000            m1
326.0000    0    2.000   1.0000          NULL 
328.0000    2    4.000   1.0000            n1
332.0000    2    4.000   1.0000            n1
336.0000    0   34.000   1.0000          NULL 
370.0000    2    4.000   1.0000            n1
374.0000    1    4.000   1.0000            m1
378.0000    0    6.000   1.0000          NULL 
384.0000    6    2.000   1.0000            n3
386.0000    2    4.000   1.0000            n1
390.0000    0    2.000   1.0000          NULL 
392.0000    4    2.000   1.0000            n2
394.0000    0   12.000   1.0000          NULL 
406.0000    3    2.000   1.0000            m2
408.0000    0    4.000   1.0000          NULL 
412.0000    5    2.000   1.0000            m3
414.0000    2    4.000   1.0000            n1
418.0000    0    2.000   1.0000          NULL 
420.0000    2    4.000   1.0000            n1
424.0000    0    4.000   1.0000          NULL 
428.0000    2    4.000   1.0000            n1
432.0000    4    2.000   1.0000            n2
434.0000    0    4.000   1.0000          NULL 
438.0000    2    4.000   1.0000            n1
442.0000    0    6.000   1.0000          NULL 
448.0000    6    2.000   1.0000            n3
450.0000    0   10.000   1.0000          NULL 
460.0000    2    4.000   1.0000            n1
464.0000    0    2.000   1.0000          NULL 
466.0000    1    4.000   1.0000            m1
470.0000    1    4.000   1.0000            m1
474.0000    3    2.000   1.0000            m2
476.0000    0    8.000   1.0000          NULL 
484.0000    6    2.000   1.0000            n3
486.0000    0    4.000   1.0000          NULL 
490.0000    1    4.000   1.0000            m1
494.0000    1    4.000   1.0000            m1
498.0000    0    8.000   1.0000          NULL 
506.0000    3    2.000   1.0000            m2
508.0000    0    4.000   1.0000          NULL 
512.0000    6    2.000   1.0000            n3
514.0000    4    2.000   1.0000            n2
516.0000    0    6.000   1.0000          NULL 
522.0000    1    4.000   1.0000            m1
526.0000    0   12.000   1.0000          NULL 
538.0000    5    2.000   1.0000            m3
540.0000    0    8.000   1.0000          NULL 
548.0000    6    2.000   1.0000            n3
550.0000    0    2.000   1.0000          NULL 
552.0000    6    2.000   1.0000            n3
554.0000    0    2.000   1.0000          NULL 
556.0000    2    4.000   1.0000            n1
560.0000    0   10.000   1.0000          NULL 
570.0000    1    4.000   1.0000            m1
574.0000    2    4.000   1.0000            n1
578.0000    0    4.000   1.0000          NULL 
582.0000    3    2.000   1.0000            m2
584.0000    5    2.000   1.0000            m3
586.0000    0    4.000   1.0000          NULL 
590.0000    2    4.000   1.0000            n1
594.0000    0    6.000   1.0000          NULL 
