  0.0000    3    2.000   1.0000            m2
  2.0000    0    4.000   1.0000          NULL 
  6.0000    1    4.000   1.0000            m1
 10.0000    0    2.000   1.0000          NULL 
 12.0000    1    4.000   1.0000            m1
 16.0000    0    2.000   1.0000          NULL 
 18.0000    1    4.000   1.0000            m1
 22.0000    2    4.000   1.0000            n1
 26.0000    0    8.000   1.0000          NULL 
 34.0000    5    2.000   1.0000            m3
 36.0000    0    2.000   1.0000          NULL 
 38.0000    5    2.000   1.0000            m3
 40.0000    0    8.000   1.0000          NULL 
 48.0000    1    4.000   1.0000            m1
 52.0000    0    8.000   1.0000          NULL 
 60.0000    2    4.000   1.0000            n1
 64.0000    0    4.000   1.0000          NULL 
 68.0000    4    2.000   1.0000            n2
 70.0000    2    4.000   1.0000            n1
 74.0000    0    8.000   1.0000          NULL 
 82.0000    6    2.000   1.0000            n3
 84.0000    0    6.000   1.0000          NULL 
 90.0000    2    4.000   1.0000            n1
 94.0000    2    4.000   1.0000            n1
 98.0000    0    2.000   1.0000          NULL 
100.0000    1    4.000   1.0000            m1
104.0000    2    4.000   1.0000            n1
108.0000    2    4.000   1.0000            n1
112.0000    0    4.000   1.0000          NULL 
116.0000    2    4.000   1.0000            n1
120.0000    0    2.000   1.0000          NULL 
122.0000    3    2.000   1.0000            m2
124.0000    0    8.000   1.0000          NULL 
132.0000    5    2.000   1.0000            m3
134.0000    0   10.000   1.0000          NULL 
144.0000    1    4.000   1.0000            m1
148.0000    5    2.000   1.0000            m3
150.0000    0   10.000   1.0000          NULL 
160.0000    4    2.000   1.0000            n2
162.0000    0    4.000   1.0000          NULL 
166.0000    1    4.000   1.0000            m1
170.0000    1    4.000   1.0000            m1
174.0000    0    6.000   1.0000          NULL 
180.0000    6    2.000   1.0000            n3
182.0000    0   10.000   1.0000          NULL 
192.0000    1    4.000   1.0000            m1
196.0000    0   12.000   1.0000          NULL 
208.0000    1    4.000   1.0000            m1
212.0000    0    4.000   1.0000          NULL 
216.0000    1    4.000   1.0000            m1
220.0000    2    4.000   1.0000            n1
224.0000    0    2.000   1.0000          NULL 
226.0000    4    2.000   1.0000            n2
228.0000    0    2.000   1.0000          NULL 
230.0000    2    4.000   1.0000            n1
234.0000    0    4.000   1.0000          NULL 
238.0000    1    4.000   1.0000            m1
242.0000    0    2.000   1.0000          NULL 
244.0000    1    4.000   1.0000            m1
248.0000    4    2.000   1.0000            n2
250.0000    0    2.000   1.0000          NULL 
252.0000    1    4.000   1.0000            m1
256.0000    0    2.000   1.0000          NULL 
258.0000    1    4.000   1.0000            m1
262.0000    0    2.000   1.0000          NULL 
264.0000    3    2.000   1.0000            m2
266.0000    0    2.000   1.0000          NULL 
268.0000    3    2.000   1.0000            m2
270.0000    0   16.000   1.0000          NULL 
286.0000    4    2.000   1.0000            n2
288.0000    0   10.000   1.0000          NULL 
298.0000    4    2.000   1.0000            n2
300.0000    0    4.000   1.0000          NULL 
304.0000    4    2.000   1.0000            n2
306.0000    0    2.000   1.0000          NULL 
308.0000    5    2.000   1.0000            m3
310.0000    0    4.000   1.0000          NULL 
314.0000    2    4.000   1.0000            n1
318.0000    0    8.000   1.0000          NULL 
326.0000    1    4.000   1.0000            m1
330.0000    0   10.000   1.0000          NULL 
340.0000    3    2.000   1.0000            m2
342.0000    2    4.000   1.0000            n1
346.0000    0    2.000   1.0000          NULL 
348.0000    5    2.000   1.0000            m3
350.0000    0   18.000   1.0000          NULL 
368.0000    6    2.000   1.0000            n3
370.0000    0    6.000   1.0000          NULL 
376.0000    6    2.000   1.0000            n3
378.0000    0    4.000   1.0000          NULL 
382.0000    1    4.000   1.0000            m1
386.0000    0    2.000   1.0000          NULL 
388.0000    4    2.000   1.0000            n2
390.0000    2    4.000   1.0000            n1
394.0000    0    8.000   1.0000          NULL 
402.0000    2    4.000   1.0000            n1
406.0000    0   16.000   1.0000          NULL 
422.0000    3    2.000   1.0000            m2
424.0000    0    2.000   1.0000          NULL 
426.0000    2    4.000   1.0000            n1
430.0000    5    2.000   1.0000            m3
432.0000    0    4.000   1.0000          NULL 
436.0000    4    2.000   1.0000            n2
438.0000    0    2.000   1.0000          NULL 
440.0000    2    4.000   1.0000            n1
444.0000    0    2.000   1.0000          NULL 
446.0000    4    2.000   1.0000            n2
448.0000    0    4.000   1.0000          NULL 
452.0000    6    2.000   1.0000            n3
454.0000    0    6.000   1.0000          NULL 
460.0000    3    2.000   1.0000            m2
462.0000    0    2.000   1.0000          NULL 
464.0000    5    2.000   1.0000            m3
466.0000    0    8.000   1.0000          NULL 
474.0000    2    4.000   1.0000            n1
478.0000    0    2.000   1.0000          NULL 
480.0000    6    2.000   1.0000            n3
482.0000    0    2.000   1.0000          NULL 
484.0000    6    2.000   1.0000            n3
486.0000    6    2.000   1.0000            n3
488.0000    0   10.000   1.0000          NULL 
498.0000    5    2.000   1.0000            m3
500.0000    1    4.000   1.0000            m1
504.0000    0    2.000   1.0000          NULL 
506.0000    3    2.000   1.0000            m2
508.0000    0   10.000   1.0000          NULL 
518.0000    2    4.000   1.0000            n1
522.0000    0    6.000   1.0000          NULL 
528.0000    5    2.000   1.0000            m3
530.0000    0    2.000   1.0000          NULL 
532.0000    2    4.000   1.0000            n1
536.0000    6    2.000   1.0000            n3
538.0000    0    8.000   1.0000          NULL 
546.0000    3    2.000   1.0000            m2
548.0000    6    2.000   1.0000            n3
550.0000    0   12.000   1.0000          NULL 
562.0000    1    4.000   1.0000            m1
566.0000    0   12.000   1.0000          NULL 
578.0000    2    4.000   1.0000            n1
582.0000    3    2.000   1.0000            m2
584.0000    0    2.000   1.0000          NULL 
586.0000    1    4.000   1.0000            m1
590.0000    0   10.000   1.0000          NULL 
