  0.0000    3    2.000   1.0000            m2
  2.0000    0    2.000   1.0000          NULL 
  4.0000    2    4.000   1.0000            n1
  8.0000    0   14.000   1.0000          NULL 
 22.0000    5    2.000   1.0000            m3
 24.0000    4    2.000   1.0000            n2
 26.0000    1    4.000   1.0000            m1
 30.0000    0    4.000   1.0000          NULL 
 34.0000    6    2.000   1.0000            n3
 36.0000    0    8.000   1.0000          NULL 
 44.0000    2    4.000   1.0000            n1
 48.0000    1    4.000   1.0000            m1
 52.0000    2    4.000   1.0000            n1
 56.0000    0    4.000   1.0000          NULL 
 60.0000    2    4.000   1.0000            n1
 64.0000    0    8.000   1.0000          NULL 
 72.0000    1    4.000   1.0000            m1
 76.0000    4    2.000   1.0000            n2
 78.0000    0    6.000   1.0000          NULL 
 84.0000    6    2.000   1.0000            n3
 86.0000    0   16.000   1.0000          NULL 
102.0000    1    4.000   1.0000            m1
106.0000    0    8.000   1.0000          NULL 
114.0000    2    4.000   1.0000            n1
118.0000    0    2.000   1.0000          NULL 
120.0000    4    2.000   1.0000            n2
122.0000    2    4.000   1.0000            n1
126.0000    2    4.000   1.0000            n1
130.0000    0    2.000   1.0000          NULL 
132.0000    3    2.000   1.0000            m2
134.0000    4    2.000   1.0000            n2
136.0000    0    2.000   1.0000          NULL 
138.0000    1    4.000   1.0000            m1
142.0000    0   10.000   1.0000          NULL 
152.0000    6    2.000   1.0000            n3
154.0000    0   16.000   1.0000          NULL 
170.0000    1    4.000   1.0000            m1
174.0000    0   10.000   1.0000          NULL 
184.0000    3    2.000   1.0000            m2
186.0000    0    2.000   1.0000          NULL 
188.0000    4    2.000   1.0000            n2
190.0000    0    8.000   1.0000          NULL 
198.0000    3    2.000   1.0000            m2
200.0000    0    2.000   1.0000          NULL 
202.0000    3    2.000   1.0000            m2
204.0000    5    2.000   1.0000            m3
206.0000    0    2.000   1.0000          NULL 
208.0000    2    4.000   1.0000            n1
212.0000    0    4.000   1.0000          NULL 
216.0000    1    4.000   1.0000            m1
220.0000    0   12.000   1.0000          NULL 
232.0000    2    4.000   1.0000            n1
236.0000    1    4.000   1.0000            m1
240.0000    0    6.000   1.0000          NULL 
246.0000    2    4.000   1.0000            n1
250.0000    0    4.000   1.0000          NULL 
254.0000    3    2.000   1.0000            m2
256.0000    0    4.000   1.0000          NULL 
260.0000    2    4.000   1.0000            n1
264.0000    4    2.000   1.0000            n2
266.0000    6    2.000   1.0000            n3
268.0000    0    2.000   1.0000          NULL 
270.0000    4    2.000   1.0000            n2
272.0000    0    8.000   1.0000          NULL 
280.0000    4    2.000   1.0000            n2
282.0000    0    8.000   1.0000          NULL 
290.0000    6    2.000   1.0000            n3
292.0000    0    2.000   1.0000          NULL 
294.0000    1    4.000   1.0000            m1
298.0000    1    4.000   1.0000            m1
302.0000    0    4.000   1.0000          NULL 
306.0000    1    4.000   1.0000            m1
310.0000    0    2.000   1.0000          NULL 
312.0000    1    4.000   1.0000            m1
316.0000    0   12.000   1.0000          NULL 
328.0000    2    4.000   1.0000            n1
332.0000    2    4.000   1.0000            n1
336.0000    0   10.000   1.0000          NULL 
346.0000    4    2.000   1.0000            n2
348.0000    0    8.000   1.0000          NULL 
356.0000    2    4.000   1.0000            n1
360.0000    0    6.000   1.0000          NULL 
366.0000    1    4.000   1.0000            m1
370.0000    5    2.000   1.0000            m3
372.0000    0    6.000   1.0000          NULL 
378.0000    2    4.000   1.0000            n1
382.0000    6    2.000   1.0000            n3
384.0000    0   12.000   1.0000          NULL 
396.0000    6    2.000   1.0000            n3
398.0000    0   10.000   1.0000          NULL 
408.0000    1    4.000   1.0000            m1
412.0000    1    4.000   1.0000            m1
416.0000    0    8.000   1.0000          NULL 
424.0000    2    4.000   1.0000            n1
428.0000    0    2.000   1.0000          NULL 
430.0000    6    2.000   1.0000            n3
432.0000    5    2.000   1.0000            m3
434.0000    0    2.000   1.0000          NULL 
436.0000    3    2.000   1.0000            m2
438.0000    0    2.000   1.0000          NULL 
440.0000    1    4.000   1.0000            m1
444.0000    0    4.000   1.0000          NULL 
448.0000    6    2.000   1.0000            n3
450.0000    0    2.000   1.0000          NULL 
452.0000    5    2.000   1.0000            m3
454.0000    0    4.000   1.0000          NULL 
458.0000    1    4.000   1.0000            m1
462.0000    6    2.000   1.0000            n3
464.0000    0    4.000   1.0000          NULL 
468.0000    1    4.000   1.0000            m1
472.0000    0    8.000   1.0000          NULL 
480.0000    1    4.000   1.0000            m1
484.0000    0    2.000   1.0000          NULL 
486.0000    2    4.000   1.0000            n1
490.0000    0    6.000   1.0000          NULL 
496.0000    1    4.000   1.0000            m1
500.0000    2    4.000   1.0000            n1
504.0000    0    6.000   1.0000          NULL 
510.0000    5    2.000   1.0000            m3
512.0000    5    2.000   1.0000            m3
514.0000    0    2.000   1.0000          NULL 
516.0000    4    2.000   1.0000            n2
518.0000    0    6.000   1.0000          NULL 
524.0000    2    4.000   1.0000            n1
528.0000    0   16.000   1.0000          NULL 
544.0000    5    2.000   1.0000            m3
546.0000    0   16.000   1.0000          NULL 
562.0000    3    2.000   1.0000            m2
564.0000    0    2.000   1.0000          NULL 
566.0000    5    2.000   1.0000            m3
568.0000    0    8.000   1.0000          NULL 
576.0000    3    2.000   1.0000            m2
578.0000    2    4.000   1.0000            n1
582.0000    0    2.000   1.0000          NULL 
584.0000    5    2.000   1.0000            m3
586.0000    3    2.000   1.0000            m2
588.0000    0   12.000   1.0000          NULL 
