  0.0000    1    4.000   1.0000            m1
  4.0000    2    4.000   1.0000            n1
  8.0000    0    4.000   1.0000          NULL 
 12.0000    4    2.000   1.0000            n2
 14.0000    3    2.000   1.0000            m2
 16.0000    0    4.000   1.0000          NULL 
 20.0000    4    2.000   1.0000            n2
 22.0000    1    4.000   1.0000            m1
 26.0000    0   12.000   1.0000          NULL 
 38.0000    6    2.000   1.0000            n3
 40.0000    3    2.000   1.0000            m2
 42.0000    4    2.000   1.0000            n2
 44.0000    0    2.000   1.0000          NULL 
 46.0000    2    4.000   1.0000            n1
 50.0000    0    4.000   1.0000          NULL 
 54.0000    1    4.000   1.0000            m1
 58.0000    2    4.000   1.0000            n1
 62.0000    0    6.000   1.0000          NULL 
 68.0000    4    2.000   1.0000            n2
 70.0000    4    2.000   1.0000            n2 
 72.0000    1    4.000   1.0000            m1
 76.0000    6    2.000   1.0000            n3
 78.0000    1    4.000   1.0000            m1
 82.0000    0   10.000   1.0000          NULL 
 92.0000    5    2.000   1.0000            m3
 94.0000    0    2.000   1.0000          NULL 
 96.0000    5    2.000   1.0000            m3
 98.0000    0    2.000   1.0000          NULL 
100.0000    2    4.000   1.0000            n1
104.0000    0    6.000   1.0000          NULL 
110.0000    2    4.000   1.0000            n1
114.0000    0    2.000   1.0000          NULL 
116.0000    1    4.000   1.0000            m1
120.0000    5    2.000   1.0000            m3
122.0000    0    6.000   1.0000          NULL 
128.0000    1    4.000   1.0000            m1
132.0000    0   12.000   1.0000          NULL 
144.0000    4    2.000   1.0000            n2
146.0000    0    4.000   1.0000          NULL 
150.0000    6    2.000   1.0000            n3
152.0000    0    4.000   1.0000          NULL 
156.0000    1    4.000   1.0000            m1
160.0000    0    4.000   1.0000          NULL 
164.0000    3    2.000   1.0000            m2
166.0000    0    4.000   1.0000          NULL 
170.0000    5    2.000   1.0000            m3
172.0000    0    2.000   1.0000          NULL 
174.0000    4    2.000   1.0000            n2
176.0000    0    4.000   1.0000          NULL 
180.0000    2    4.000   1.0000            n1
184.0000    0    4.000   1.0000          NULL 
188.0000    1    4.000   1.0000            m1
192.0000    0    8.000   1.0000          NULL 
200.0000    2    4.000   1.0000            n1
204.0000    1    4.000   1.0000            m1
208.0000    0    2.000   1.0000          NULL 
210.0000    6    2.000   1.0000            n3
212.0000    0   20.000   1.0000          NULL 
232.0000    2    4.000   1.0000            n1
236.0000    0   10.000   1.0000          NULL 
246.0000    6    2.000   1.0000            n3
248.0000    6    2.000   1.0000            n3
250.0000    2    4.000   1.0000            n1
254.0000    2    4.000   1.0000            n1
258.0000    0    8.000   1.0000          NULL 
266.0000    1    4.000   1.0000            m1
270.0000    0    4.000   1.0000          NULL 
274.0000    6    2.000   1.0000            n3
276.0000    0    2.000   1.0000          NULL 
278.0000    5    2.000   1.0000            m3
280.0000    2    4.000   1.0000            n1
284.0000    0   10.000   1.0000          NULL 
294.0000    6    2.000   1.0000            n3
296.0000    0   12.000   1.0000          NULL 
308.0000    4    2.000   1.0000            n2
310.0000    0   10.000   1.0000          NULL 
320.0000    3    2.000   1.0000            m2
322.0000    1    4.000   1.0000            m1
326.0000    0    4.000   1.0000          NULL 
330.0000    4    2.000   1.0000            n2
332.0000    0    8.000   1.0000          NULL 
340.0000    2    4.000   1.0000            n1
344.0000    0    2.000   1.0000          NULL 
346.0000    1    4.000   1.0000            m1
350.0000    0    8.000   1.0000          NULL 
358.0000    3    2.000   1.0000            m2
360.0000    0    4.000   1.0000          NULL 
364.0000    2    4.000   1.0000            n1
368.0000    0    8.000   1.0000          NULL 
376.0000    1    4.000   1.0000            m1
380.0000    0   16.000   1.0000          NULL 
396.0000    4    2.000   1.0000            n2
398.0000    0    4.000   1.0000          NULL 
402.0000    3    2.000   1.0000            m2
404.0000    0   12.000   1.0000          NULL 
416.0000    3    2.000   1.0000            m2
418.0000    0    2.000   1.0000          NULL 
420.0000    1    4.000   1.0000            m1
424.0000    0   14.000   1.0000          NULL 
438.0000    1    4.000   1.0000            m1
442.0000    1    4.000   1.0000            m1
446.0000    0    4.000   1.0000          NULL 
450.0000    1    4.000   1.0000            m1
454.0000    5    2.000   1.0000            m3
456.0000    3    2.000   1.0000            m2
458.0000    0    2.000   1.0000          NULL 
460.0000    6    2.000   1.0000            n3
462.0000    0    6.000   1.0000          NULL 
468.0000    2    4.000   1.0000            n1
472.0000    6    2.000   1.0000            n3
474.0000    5    2.000   1.0000            m3
476.0000    0    4.000   1.0000          NULL 
480.0000    1    4.000   1.0000            m1
484.0000    0    2.000   1.0000          NULL 
486.0000    2    4.000   1.0000            n1
490.0000    3    2.000   1.0000            m2
492.0000    0   14.000   1.0000          NULL 
506.0000    1    4.000   1.0000            m1
510.0000    0    4.000   1.0000          NULL 
514.0000    2    4.000   1.0000            n1
518.0000    0    2.000   1.0000          NULL 
520.0000    2    4.000   1.0000            n1
524.0000    0    2.000   1.0000          NULL 
526.0000    2    4.000   1.0000            n1
530.0000    0    8.000   1.0000          NULL 
538.0000    2    4.000   1.0000            n1
542.0000    5    2.000   1.0000            m3
544.0000    5    2.000   1.0000            m3
546.0000    0    6.000   1.0000          NULL 
552.0000    5    2.000   1.0000            m3
554.0000    0   20.000   1.0000          NULL 
574.0000    2    4.000   1.0000            n1
578.0000    0    4.000   1.0000          NULL 
582.0000    3    2.000   1.0000            m2
584.0000    0   16.000   1.0000          NULL 
