  0.0000    6    2.000   1.0000            n3
  2.0000    1    4.000   1.0000            m1
  6.0000    3    2.000   1.0000            m2
  8.0000    0    4.000   1.0000          NULL 
 12.0000    1    4.000   1.0000            m1
 16.0000    3    2.000   1.0000            m2
 18.0000    0    4.000   1.0000          NULL 
 22.0000    1    4.000   1.0000            m1
 26.0000    0    2.000   1.0000          NULL 
 28.0000    1    4.000   1.0000            m1
 32.0000    0    2.000   1.0000          NULL 
 34.0000    1    4.000   1.0000            m1
 38.0000    0    8.000   1.0000          NULL 
 46.0000    5    2.000   1.0000            m3
 48.0000    0   10.000   1.0000          NULL 
 58.0000    6    2.000   1.0000            n3
 60.0000    0    2.000   1.0000          NULL 
 62.0000    2    4.000   1.0000            n1
 66.0000    0   10.000   1.0000          NULL 
 76.0000    4    2.000   1.0000            n2
 78.0000    1    4.000   1.0000            m1
 82.0000    0    6.000   1.0000          NULL 
 88.0000    2    4.000   1.0000            n1
 92.0000    0   12.000   1.0000          NULL 
104.0000    4    2.000   1.0000            n2
106.0000    0    6.000   1.0000          NULL 
112.0000    1    4.000   1.0000            m1
116.0000    2    4.000   1.0000            n1
120.0000    0    6.000   1.0000          NULL 
126.0000    4    2.000   1.0000            n2
128.0000    0    2.000   1.0000          NULL 
130.0000    5    2.000   1.0000            m3
132.0000    0   10.000   1.0000          NULL 
142.0000    2    4.000   1.0000            n1
146.0000    0    4.000   1.0000          NULL 
150.0000    6    2.000   1.0000            n3
152.0000    6    2.000   1.0000            n3
154.0000    3    2.000   1.0000            m2
156.0000    0   14.000   1.0000          NULL 
170.0000    2    4.000   1.0000            n1
174.0000    4    2.000   1.0000            n2
176.0000    3    2.000   1.0000            m2
178.0000    0   12.000   1.0000          NULL 
190.0000    2    4.000   1.0000            n1
194.0000    0    2.000   1.0000          NULL 
196.0000    1    4.000   1.0000            m1
200.0000    2    4.000   1.0000            n1
204.0000    0    8.000   1.0000          NULL 
212.0000    1    4.000   1.0000            m1
216.0000    4    2.000   1.0000            n2
218.0000    0   16.000   1.0000          NULL 
234.0000    6    2.000   1.0000            n3
236.0000    0    4.000   1.0000          NULL 
240.0000    2    4.000   1.0000            n1
244.0000    4    2.000   1.0000            n2
246.0000    0    8.000   1.0000          NULL 
254.0000    3    2.000   1.0000            m2
256.0000    0   30.000   1.0000          NULL 
286.0000    3    2.000   1.0000            m2
288.0000    0   10.000   1.0000          NULL 
298.0000    2    4.000   1.0000            n1
302.0000    3    2.000   1.0000            m2
304.0000    0    2.000   1.0000          NULL 
306.0000    2    4.000   1.0000            n1
310.0000    0    4.000   1.0000          NULL 
314.0000    5    2.000   1.0000            m3
316.0000    5    2.000   1.0000            m3
318.0000    3    2.000   1.0000            m2
320.0000    0   22.000   1.0000          NULL 
342.0000    1    4.000   1.0000            m1
346.0000    0    2.000   1.0000          NULL 
348.0000    4    2.000   1.0000            n2
350.0000    0    4.000   1.0000          NULL 
354.0000    2    4.000   1.0000            n1
358.0000    0    4.000   1.0000          NULL 
362.0000    1    4.000   1.0000            m1
366.0000    0    6.000   1.0000          NULL 
372.0000    1    4.000   1.0000            m1
376.0000    0   20.000   1.0000          NULL 
396.0000    1    4.000   1.0000            m1
400.0000    1    4.000   1.0000            m1
404.0000    0    6.000   1.0000          NULL 
410.0000    5    2.000   1.0000            m3
412.0000    0    4.000   1.0000          NULL 
416.0000    2    4.000   1.0000            n1
420.0000    0    2.000   1.0000          NULL 
422.0000    2    4.000   1.0000            n1
426.0000    2    4.000   1.0000            n1
430.0000    0    2.000   1.0000          NULL 
432.0000    4    2.000   1.0000            n2
434.0000    0    6.000   1.0000          NULL 
440.0000    6    2.000   1.0000            n3
442.0000    0    6.000   1.0000          NULL 
448.0000    3    2.000   1.0000            m2
450.0000    0    2.000   1.0000          NULL 
452.0000    6    2.000   1.0000            n3
454.0000    0    4.000   1.0000          NULL 
458.0000    2    4.000   1.0000            n1
462.0000    1    4.000   1.0000            m1
466.0000    0    2.000   1.0000          NULL 
468.0000    6    2.000   1.0000            n3
470.0000    0    2.000   1.0000          NULL 
472.0000    5    2.000   1.0000            m3
474.0000    0    2.000   1.0000          NULL 
476.0000    5    2.000   1.0000            m3
478.0000    0   12.000   1.0000          NULL 
490.0000    2    4.000   1.0000            n1
494.0000    0    2.000   1.0000          NULL 
496.0000    2    4.000   1.0000            n1
500.0000    0    2.000   1.0000          NULL 
502.0000    2    4.000   1.0000            n1
506.0000    5    2.000   1.0000            m3
508.0000    1    4.000   1.0000            m1
512.0000    0    6.000   1.0000          NULL 
518.0000    2    4.000   1.0000            n1
522.0000    0    4.000   1.0000          NULL 
526.0000    1    4.000   1.0000            m1
530.0000    6    2.000   1.0000            n3
532.0000    0    6.000   1.0000          NULL 
538.0000    6    2.000   1.0000            n3
540.0000    2    4.000   1.0000            n1
544.0000    0    8.000   1.0000          NULL 
552.0000    4    2.000   1.0000            n2
554.0000    0    2.000   1.0000          NULL 
556.0000    5    2.000   1.0000            m3
558.0000    0    2.000   1.0000          NULL 
560.0000    4    2.000   1.0000            n2
562.0000    0    2.000   1.0000          NULL 
564.0000    1    4.000   1.0000            m1
568.0000    0    6.000   1.0000          NULL 
574.0000    3    2.000   1.0000            m2
576.0000    0    2.000   1.0000          NULL 
578.0000    5    2.000   1.0000            m3
580.0000    0    2.000   1.0000          NULL 
582.0000    1    4.000   1.0000            m1
586.0000    0    4.000   1.0000          NULL 
590.0000    1    4.000   1.0000            m1
594.0000    0    6.000   1.0000          NULL 
