  0.0000    2    4.000   1.0000            n1
  4.0000    0    8.000   1.0000          NULL 
 12.0000    2    4.000   1.0000            n1
 16.0000    0    6.000   1.0000          NULL 
 22.0000    5    2.000   1.0000            m3
 24.0000    0    4.000   1.0000          NULL 
 28.0000    1    4.000   1.0000            m1
 32.0000    0    2.000   1.0000          NULL 
 34.0000    1    4.000   1.0000            m1
 38.0000    0   10.000   1.0000          NULL 
 48.0000    1    4.000   1.0000            m1
 52.0000    0    4.000   1.0000          NULL 
 56.0000    3    2.000   1.0000            m2
 58.0000    0    2.000   1.0000          NULL 
 60.0000    4    2.000   1.0000            n2
 62.0000    0    6.000   1.0000          NULL 
 68.0000    4    2.000   1.0000            n2
 70.0000    3    2.000   1.0000            m2
 72.0000    0    6.000   1.0000          NULL 
 78.0000    2    4.000   1.0000            n1
 82.0000    0    8.000   1.0000          NULL 
 90.0000    1    4.000   1.0000            m1
 94.0000    0    6.000   1.0000          NULL 
100.0000    3    2.000   1.0000            m2
102.0000    0    8.000   1.0000          NULL 
110.0000    3    2.000   1.0000            m2
112.0000    6    2.000   1.0000            n3
114.0000    2    4.000   1.0000            n1
118.0000    2    4.000   1.0000            n1
122.0000    0    8.000   1.0000          NULL 
130.0000    3    2.000   1.0000            m2
132.0000    2    4.000   1.0000            n1
136.0000    0   12.000   1.0000          NULL 
148.0000    5    2.000   1.0000            m3
150.0000    0   12.000   1.0000          NULL 
162.0000    2    4.000   1.0000            n1
166.0000    0    2.000   1.0000          NULL 
168.0000    5    2.000   1.0000            m3
170.0000    0    8.000   1.0000          NULL 
178.0000    2    4.000   1.0000            n1
182.0000    0   10.000   1.0000          NULL 
192.0000    6    2.000   1.0000            n3
194.0000    0    2.000   1.0000          NULL 
196.0000    1    4.000   1.0000            m1
200.0000    0   12.000   1.0000          NULL 
212.0000    2    4.000   1.0000            n1
216.0000    0    2.000   1.0000          NULL 
218.0000    3    2.000   1.0000            m2
220.0000    0    8.000   1.0000          NULL 
228.0000    3    2.000   1.0000            m2
230.0000    5    2.000   1.0000            m3
232.0000    1    4.000   1.0000            m1
236.0000    0    6.000   1.0000          NULL 
242.0000    1    4.000   1.0000            m1
246.0000    0    2.000   1.0000          NULL 
248.0000    3    2.000   1.0000            m2
250.0000    0   24.000   1.0000          NULL 
274.0000    2    4.000   1.0000            n1
278.0000    0    4.000   1.0000          NULL 
282.0000    6    2.000   1.0000            n3
284.0000    0    8.000   1.0000          NULL 
292.0000    1    4.000   1.0000            m1
296.0000    2    4.000   1.0000            n1
300.0000    0    4.000   1.0000          NULL 
304.0000    6    2.000   1.0000            n3
306.0000    1    4.000   1.0000            m1
310.0000    0   12.000   1.0000          NULL 
322.0000    2    4.000   1.0000            n1
326.0000    0   14.000   1.0000          NULL 
340.0000    2    4.000   1.0000            n1
344.0000    0    4.000   1.0000          NULL 
348.0000    1    4.000   1.0000            m1
352.0000    0    2.000   1.0000          NULL 
354.0000    1    4.000   1.0000            m1
358.0000    0    6.000   1.0000          NULL 
364.0000    4    2.000   1.0000            n2
366.0000    0   12.000   1.0000          NULL 
378.0000    4    2.000   1.0000            n2
380.0000    0    4.000   1.0000          NULL 
384.0000    6    2.000   1.0000            n3
386.0000    6    2.000   1.0000            n3
388.0000    0   14.000   1.0000          NULL 
402.0000    1    4.000   1.0000            m1
406.0000    0    2.000   1.0000          NULL 
408.0000    3    2.000   1.0000            m2
410.0000    0    8.000   1.0000          NULL 
418.0000    5    2.000   1.0000            m3
420.0000    5    2.000   1.0000            m3
422.0000    3    2.000   1.0000            m2
424.0000    0    2.000   1.0000          NULL 
426.0000    6    2.000   1.0000            n3
428.0000    0   10.000   1.0000          NULL 
438.0000    1    4.000   1.0000            m1
442.0000    0    2.000   1.0000          NULL 
444.0000    5    2.000   1.0000            m3
446.0000    4    2.000   1.0000            n2
448.0000    0    6.000   1.0000          NULL 
454.0000    2    4.000   1.0000            n1
458.0000    0    2.000   1.0000          NULL 
460.0000    2    4.000   1.0000            n1
464.0000    0    6.000   1.0000          NULL 
470.0000    2    4.000   1.0000            n1
474.0000    0    2.000   1.0000          NULL 
476.0000    1    4.000   1.0000            m1
480.0000    0    2.000   1.0000          NULL 
482.0000    4    2.000   1.0000            n2
484.0000    0    4.000   1.0000          NULL 
488.0000    1    4.000   1.0000            m1
492.0000    1    4.000   1.0000            m1
496.0000    0    6.000   1.0000          NULL 
502.0000    5    2.000   1.0000            m3
504.0000    0    4.000   1.0000          NULL 
508.0000    5    2.000   1.0000            m3
510.0000    0    6.000   1.0000          NULL 
516.0000    6    2.000   1.0000            n3
518.0000    0    2.000   1.0000          NULL 
520.0000    2    4.000   1.0000            n1
524.0000    5    2.000   1.0000            m3
526.0000    0    6.000   1.0000          NULL 
532.0000    1    4.000   1.0000            m1
536.0000    1    4.000   1.0000            m1
540.0000    4    2.000   1.0000            n2
542.0000    0    4.000   1.0000          NULL 
546.0000    6    2.000   1.0000            n3
548.0000    1    4.000   1.0000            m1
552.0000    0    2.000   1.0000          NULL 
554.0000    2    4.000   1.0000            n1
558.0000    0    8.000   1.0000          NULL 
566.0000    6    2.000   1.0000            n3
568.0000    4    2.000   1.0000            n2
570.0000    4    2.000   1.0000            n2
572.0000    4    2.000   1.0000            n2
574.0000    0    2.000   1.0000          NULL 
576.0000    2    4.000   1.0000            n1
580.0000    0    2.000   1.0000          NULL 
582.0000    2    4.000   1.0000            n1
586.0000    1    4.000   1.0000            m1
590.0000    0   10.000   1.0000          NULL 
